ISS (ZARYA)             
1 25544U 98067A   24108.06679608  .00019473  00000+0  34469-3 0  9999
2 25544  51.6384 258.4693 0004986  70.1481  42.8477 15.50291806449066
CSS (TIANHE)            
1 48274U 21035A   24108.22242518  .00033017  00000+0  33899-3 0  9995
2 48274  41.4680  95.5469 0006692  15.0893 345.0146 15.64195493169553
ISS (NAUKA)             
1 49044U 21066A   24107.85320367  .00026760  00000+0  47028-3 0  9998
2 49044  51.6375 259.5305 0004718  70.8188 289.3311 15.50292892154911
FREGAT DEB              
1 49271U 11037PF  24107.42989419  .00026412  00000+0  67399-1 0  9994
2 49271  51.6456 164.6647 0950916 351.2060   7.3103 12.13074994127692
CSS (WENTIAN)           
1 53239U 22085A   24107.90318722  .00031462  00000+0  32354-3 0  9990
2 53239  41.4678  97.4992 0006723  12.5846 347.5161 15.64172849 94623
CSS (MENGTIAN)          
1 54216U 22143A   24107.90318722  .00031462  00000+0  32354-3 0  9991
2 54216  41.4678  97.4992 0006723  12.5846 347.5161 15.64172849 82266
ISS DEB                 
1 57212U 98067VP  24107.66724619  .00288754  00000+0  10198-2 0  9996
2 57212  51.6250 230.3722 0004426 319.3539  40.7135 15.87747412 46349
SHENZHOU-17 (SZ-17)     
1 58146U 23164A   24107.90318722  .00031462  00000+0  32354-3 0  9991
2 58146  41.4678  97.4992 0006723  12.5846 347.5161 15.64172849 22884
ISS DEB                 
1 58229U 98067WC  24107.63128627  .00180818  00000+0  13306-2 0  9995
2 58229  51.6324 249.0462 0003937 300.0964  59.9643 15.71967956 25931
PROGRESS-MS 25          
1 58460U 23184A   24107.85320367  .00026760  00000+0  47028-3 0  9993
2 58460  51.6375 259.5305 0004718  70.8188 289.3311 15.50292892 21219
BEAK                    
1 58612U 98067WD  24107.66671868  .00198577  00000+0  16375-2 0  9994
2 58612  51.6336 252.2994 0002684 307.6976  52.3778 15.69184460 18846
TIANZHOU-7              
1 58811U 24013A   24107.90318722  .00031462  00000+0  32354-3 0  9994
2 58811  41.4678  97.4992 0006723  12.5846 347.5161 15.64172849  5648
CYGNUS NG-20            
1 58898U 24021A   24107.85320367  .00026760  00000+0  47028-3 0  9999
2 58898  51.6375 259.5305 0004718  70.8188 289.3311 15.50292892 11763
PROGRESS-MS 26          
1 58961U 24029A   24107.85320367  .00026760  00000+0  47028-3 0  9998
2 58961  51.6375 259.5305 0004718  70.8188 289.3311 15.50292892  9367
CREW DRAGON 8           
1 59097U 24042A   24107.85320367  .00026760  00000+0  47028-3 0  9994
2 59097  51.6375 259.5305 0004718  70.8188 289.3311 15.50292892  6578
DRAGON CRS-30           
1 59287U 24054A   24107.54560979  .00022329  00000+0  39419-3 0  9991
2 59287  51.6392 261.0524 0004804  67.9330  14.3929 15.50274272448989
SOYUZ-MS 25             
1 59294U 24055A   24107.54560979  .00022329  00000+0  39419-3 0  9990
2 59294  51.6392 261.0524 0004804  67.9330  14.3929 15.50274272448987
CURTIS                  
1 59483U 98067WF  24107.72099508  .00124227  00000+0  20294-2 0  9999
2 59483  51.6365 260.1462 0003210 101.7192 258.4158 15.51629026   892
1998-067WG              
1 59507U 98067WG  24107.72074772  .00102970  00000+0  16893-2 0  9993
2 59507  51.6363 260.1441 0002717 114.8301 245.2972 15.51608395   908
1998-067WH              
1 59508U 98067WH  24107.72091411  .00123150  00000+0  20108-2 0  9990
2 59508  51.6362 260.1464 0003188 102.4980 257.6366 15.51647710   900

